0 0.5634191176 0.3627604167 0.2794117647 0.0338541667
0 0.3979779412 0.3906250000 0.0294117647 0.0447916667
0 0.7058823529 0.4153645833 0.0238970588 0.0296875000
0 0.7054227941 0.3807291667 0.0248161765 0.0322916667
0 0.7141544118 0.4955729167 0.0202205882 0.0265625000
0 0.7068014706 0.4539062500 0.0441176471 0.0348958333
0 0.3694852941 0.5104166667 0.0551470588 0.1739583333
0 0.7068014706 0.5322916667 0.0257352941 0.0239583333
0 0.3336397059 0.6231770833 0.0330882353 0.0598958333
0 0.6594669118 0.5802083333 0.1167279412 0.0625000000
0 0.4457720588 0.7598958333 0.2738970588 0.2770833333
