0 0.4153645833 0.2941176471 0.0296875000 0.0238970588
0 0.3807291667 0.2945772059 0.0322916667 0.0248161765
0 0.4955729167 0.2858455882 0.0265625000 0.0202205882
0 0.4539062500 0.2931985294 0.0348958333 0.0441176471
0 0.5322916667 0.2931985294 0.0239583333 0.0257352941
0 0.5802083333 0.3405330882 0.0625000000 0.1167279412
0 0.3627604167 0.4365808824 0.0338541667 0.2794117647
0 0.7598958333 0.5542279412 0.2770833333 0.2738970588
0 0.3906250000 0.6020220588 0.0447916667 0.0294117647
0 0.5104166667 0.6305147059 0.1739583333 0.0551470588
0 0.6231770833 0.6663602941 0.0598958333 0.0330882353
