0 0.6824448529 0.0440104167 0.0652573529 0.0880208333
0 0.7196691176 0.1330729167 0.0496323529 0.0567708333
0 0.7329963235 0.2000000000 0.0560661765 0.0562500000
0 0.7729779412 0.2552083333 0.0643382353 0.0468750000
0 0.7467830882 0.3533854167 0.0376838235 0.0776041667
0 0.7224264706 0.4432291667 0.0459558824 0.0666666667
0 0.6971507353 0.5833333333 0.0523897059 0.1833333333
0 0.6608455882 0.6880208333 0.0257352941 0.0250000000
0 0.6548713235 0.7195312500 0.0340073529 0.0359375000
0 0.6516544118 0.8041666667 0.0533088235 0.0520833333
0 0.6079963235 0.8750000000 0.0542279412 0.0572916667
0 0.5923713235 0.9255208333 0.0395220588 0.0322916667
0 0.5923713235 0.9640625000 0.0487132353 0.0395833333
0 0.5891544118 0.9937500000 0.0257352941 0.0125000000
