0 0.8748419722 0.6074906367 0.0568900126 0.0539325843
0 0.9254108723 0.5917602996 0.0316055626 0.0382022472
0 0.9637589549 0.5917602996 0.0387694901 0.0479400749
0 0.9936788875 0.5887640449 0.0126422250 0.0254681648
0 0.0438263801 0.6823970037 0.0876527602 0.0644194757
0 0.5832279815 0.6966292135 0.1828908555 0.0516853933
0 0.6877370417 0.6606741573 0.0248630426 0.0247191011
0 0.7193426043 0.6546816479 0.0353982301 0.0329588015
0 0.8040455120 0.6509363296 0.0514117151 0.0524344569
0 0.1327433628 0.7191011236 0.0564686051 0.0486891386
0 0.1997471555 0.7325842697 0.0556257901 0.0554307116
0 0.3531394859 0.7460674157 0.0771175727 0.0367041199
0 0.4428992836 0.7220973783 0.0661609777 0.0456928839
0 0.2549515381 0.7722846442 0.0467762326 0.0636704120
