0 0.4187265918 0.3640960809 0.0329588015 0.0185419300
0 0.4966292135 0.3480825959 0.0419475655 0.0101137800
0 0.5573033708 0.3506110409 0.0329588015 0.0071639275
0 0.6464419476 0.3506110409 0.0329588015 0.0459334176
0 0.3498127341 0.4500632111 0.0217228464 0.0202275601
0 0.3940074906 0.4711335862 0.0262172285 0.0088495575
0 0.4434456929 0.4799831437 0.0209737828 0.0113780025
0 0.4734082397 0.4829329962 0.0254681648 0.0080067425
0 0.5588014981 0.4917825537 0.0344569288 0.0122208175
0 0.6262172285 0.4462705436 0.0314606742 0.0450906026
0 0.6007490637 0.4787189212 0.0322097378 0.0130636325
