0 0.5499367889 0.3498127341 0.0202275601 0.0217228464
0 0.5288664138 0.3940074906 0.0088495575 0.0262172285
0 0.6359039191 0.4187265918 0.0185419300 0.0329588015
0 0.5200168563 0.4434456929 0.0113780025 0.0209737828
0 0.5170670038 0.4734082397 0.0080067425 0.0254681648
0 0.6519174041 0.4966292135 0.0101137800 0.0419475655
0 0.5082174463 0.5588014981 0.0122208175 0.0344569288
0 0.6493889591 0.5573033708 0.0071639275 0.0329588015
0 0.5537294564 0.6262172285 0.0450906026 0.0314606742
0 0.5212810788 0.6007490637 0.0130636325 0.0322097378
0 0.6493889591 0.6464419476 0.0459334176 0.0329588015
