0 0.3176029963 0.0438263801 0.0644194757 0.0876527602
0 0.2808988764 0.1327433628 0.0486891386 0.0564686051
0 0.2674157303 0.1997471555 0.0554307116 0.0556257901
0 0.2277153558 0.2549515381 0.0636704120 0.0467762326
0 0.2539325843 0.3531394859 0.0367041199 0.0771175727
0 0.2779026217 0.4428992836 0.0456928839 0.0661609777
0 0.3033707865 0.5832279815 0.0516853933 0.1828908555
0 0.3393258427 0.6877370417 0.0247191011 0.0248630426
0 0.3453183521 0.7193426043 0.0329588015 0.0353982301
0 0.3490636704 0.8040455120 0.0524344569 0.0514117151
0 0.3925093633 0.8748419722 0.0539325843 0.0568900126
0 0.4082397004 0.9254108723 0.0382022472 0.0316055626
0 0.4082397004 0.9637589549 0.0479400749 0.0387694901
0 0.4112359551 0.9936788875 0.0254681648 0.0126422250
