0 0.0062500000 0.5891544118 0.0125000000 0.0257352941
0 0.0744791667 0.5923713235 0.0322916667 0.0395220588
0 0.0359375000 0.5923713235 0.0395833333 0.0487132353
0 0.1250000000 0.6079963235 0.0572916667 0.0542279412
0 0.1958333333 0.6516544118 0.0520833333 0.0533088235
0 0.2804687500 0.6548713235 0.0359375000 0.0340073529
0 0.3119791667 0.6608455882 0.0250000000 0.0257352941
0 0.4166666667 0.6971507353 0.1833333333 0.0523897059
0 0.9559895833 0.6824448529 0.0880208333 0.0652573529
0 0.5567708333 0.7224264706 0.0666666667 0.0459558824
0 0.6466145833 0.7467830882 0.0776041667 0.0376838235
0 0.8000000000 0.7329963235 0.0562500000 0.0560661765
0 0.8669270833 0.7196691176 0.0567708333 0.0496323529
0 0.7447916667 0.7729779412 0.0468750000 0.0643382353
