0 0.4673409187 0.2928838951 0.0235988201 0.0247191011
0 0.5040033713 0.2853932584 0.0261272651 0.0187265918
0 0.5457227139 0.2928838951 0.0341340076 0.0426966292
0 0.5844922040 0.2936329588 0.0290771176 0.0232209738
0 0.6190476190 0.2943820225 0.0316055626 0.0239700375
0 0.4193004635 0.3400749064 0.0619469027 0.1161048689
0 0.6371681416 0.4359550562 0.0332911926 0.2786516854
0 0.2397808681 0.5535580524 0.2768647282 0.2734082397
0 0.4892541087 0.6299625468 0.1736198904 0.0546816479
0 0.6089338390 0.6014981273 0.0442477876 0.0284644195
0 0.3767383059 0.6659176030 0.0594184576 0.0329588015
