0 0.2552083333 0.2270220588 0.0468750000 0.0643382353
0 0.1330729167 0.2803308824 0.0567708333 0.0496323529
0 0.2000000000 0.2670036765 0.0562500000 0.0560661765
0 0.3533854167 0.2532169118 0.0776041667 0.0376838235
0 0.4432291667 0.2775735294 0.0666666667 0.0459558824
0 0.0440104167 0.3175551471 0.0880208333 0.0652573529
0 0.5833333333 0.3028492647 0.1833333333 0.0523897059
0 0.6880208333 0.3391544118 0.0250000000 0.0257352941
0 0.7195312500 0.3451286765 0.0359375000 0.0340073529
0 0.8041666667 0.3483455882 0.0520833333 0.0533088235
0 0.8750000000 0.3920036765 0.0572916667 0.0542279412
0 0.9255208333 0.4076286765 0.0322916667 0.0395220588
0 0.9640625000 0.4076286765 0.0395833333 0.0487132353
0 0.9937500000 0.4108455882 0.0125000000 0.0257352941
