0 0.3543198529 0.3507812500 0.0340073529 0.0463541667
0 0.4434742647 0.3507812500 0.0340073529 0.0078125000
0 0.5036764706 0.3484375000 0.0422794118 0.0104166667
0 0.5813419118 0.3643229167 0.0340073529 0.0192708333
0 0.3745404412 0.4466145833 0.0321691176 0.0453125000
0 0.3998161765 0.4791666667 0.0330882353 0.0135416667
0 0.4416360294 0.4919270833 0.0358455882 0.0130208333
0 0.5569852941 0.4802083333 0.0220588235 0.0114583333
0 0.5271139706 0.4833333333 0.0266544118 0.0083333333
0 0.6066176471 0.4713541667 0.0275735294 0.0093750000
0 0.6507352941 0.4505208333 0.0220588235 0.0208333333
