0 0.6492187500 0.3543198529 0.0463541667 0.0340073529
0 0.5533854167 0.3745404412 0.0453125000 0.0321691176
0 0.5208333333 0.3998161765 0.0135416667 0.0330882353
0 0.5080729167 0.4416360294 0.0130208333 0.0358455882
0 0.6492187500 0.4434742647 0.0078125000 0.0340073529
0 0.5197916667 0.5569852941 0.0114583333 0.0220588235
0 0.5166666667 0.5271139706 0.0083333333 0.0266544118
0 0.6515625000 0.5036764706 0.0104166667 0.0422794118
0 0.5286458333 0.6066176471 0.0093750000 0.0275735294
0 0.6356770833 0.5813419118 0.0192708333 0.0340073529
0 0.5494791667 0.6507352941 0.0208333333 0.0220588235
