0 0.3768229167 0.3336397059 0.0598958333 0.0330882353
0 0.4895833333 0.3694852941 0.1739583333 0.0551470588
0 0.6093750000 0.3979779412 0.0447916667 0.0294117647
0 0.2401041667 0.4457720588 0.2770833333 0.2738970588
0 0.6372395833 0.5634191176 0.0338541667 0.2794117647
0 0.4197916667 0.6594669118 0.0625000000 0.1167279412
0 0.4677083333 0.7068014706 0.0239583333 0.0257352941
0 0.5044270833 0.7141544118 0.0265625000 0.0202205882
0 0.5460937500 0.7068014706 0.0348958333 0.0441176471
0 0.5846354167 0.7058823529 0.0296875000 0.0238970588
0 0.6192708333 0.7054227941 0.0322916667 0.0248161765
