0 0.4505208333 0.3492647059 0.0208333333 0.0220588235
0 0.3643229167 0.4186580882 0.0192708333 0.0340073529
0 0.4713541667 0.3933823529 0.0093750000 0.0275735294
0 0.3484375000 0.4963235294 0.0104166667 0.0422794118
0 0.4802083333 0.4430147059 0.0114583333 0.0220588235
0 0.4833333333 0.4728860294 0.0083333333 0.0266544118
0 0.3507812500 0.5565257353 0.0078125000 0.0340073529
0 0.4919270833 0.5583639706 0.0130208333 0.0358455882
0 0.4466145833 0.6254595588 0.0453125000 0.0321691176
0 0.4791666667 0.6001838235 0.0135416667 0.0330882353
0 0.3507812500 0.6456801471 0.0463541667 0.0340073529
