0 0.3492647059 0.5494791667 0.0220588235 0.0208333333
0 0.3933823529 0.5286458333 0.0275735294 0.0093750000
0 0.4430147059 0.5197916667 0.0220588235 0.0114583333
0 0.4728860294 0.5166666667 0.0266544118 0.0083333333
0 0.5583639706 0.5080729167 0.0358455882 0.0130208333
0 0.6254595588 0.5533854167 0.0321691176 0.0453125000
0 0.6001838235 0.5208333333 0.0330882353 0.0135416667
0 0.4186580882 0.6356770833 0.0340073529 0.0192708333
0 0.4963235294 0.6515625000 0.0422794118 0.0104166667
0 0.5565257353 0.6492187500 0.0340073529 0.0078125000
0 0.6456801471 0.6492187500 0.0340073529 0.0463541667
