0 0.4359550562 0.3628318584 0.2786516854 0.0332911926
0 0.2936329588 0.4155077960 0.0232209738 0.0290771176
0 0.2943820225 0.3809523810 0.0239700375 0.0316055626
0 0.6014981273 0.3910661610 0.0284644195 0.0442477876
0 0.2853932584 0.4959966287 0.0187265918 0.0261272651
0 0.2928838951 0.4542772861 0.0426966292 0.0341340076
0 0.2928838951 0.5326590813 0.0247191011 0.0235988201
0 0.6299625468 0.5107458913 0.0546816479 0.1736198904
0 0.3400749064 0.5806995365 0.1161048689 0.0619469027
0 0.6659176030 0.6232616941 0.0329588015 0.0594184576
0 0.5535580524 0.7602191319 0.2734082397 0.2768647282
