0 0.3737827715 0.5537294564 0.0314606742 0.0450906026
0 0.3992509363 0.5212810788 0.0322097378 0.0130636325
0 0.4411985019 0.5082174463 0.0344569288 0.0122208175
0 0.5565543071 0.5200168563 0.0209737828 0.0113780025
0 0.5265917603 0.5170670038 0.0254681648 0.0080067425
0 0.6059925094 0.5288664138 0.0262172285 0.0088495575
0 0.6501872659 0.5499367889 0.0217228464 0.0202275601
0 0.3535580524 0.6493889591 0.0329588015 0.0459334176
0 0.4426966292 0.6493889591 0.0329588015 0.0071639275
0 0.5033707865 0.6519174041 0.0419475655 0.0101137800
0 0.5812734082 0.6359039191 0.0329588015 0.0185419300
