0 0.4108455882 0.0062500000 0.0257352941 0.0125000000
0 0.4076286765 0.0744791667 0.0395220588 0.0322916667
0 0.4076286765 0.0359375000 0.0487132353 0.0395833333
0 0.3920036765 0.1250000000 0.0542279412 0.0572916667
0 0.3483455882 0.1958333333 0.0533088235 0.0520833333
0 0.3451286765 0.2804687500 0.0340073529 0.0359375000
0 0.3391544118 0.3119791667 0.0257352941 0.0250000000
0 0.3028492647 0.4166666667 0.0523897059 0.1833333333
0 0.2775735294 0.5567708333 0.0459558824 0.0666666667
0 0.2532169118 0.6466145833 0.0376838235 0.0776041667
0 0.2270220588 0.7447916667 0.0643382353 0.0468750000
0 0.2670036765 0.8000000000 0.0560661765 0.0562500000
0 0.2803308824 0.8669270833 0.0496323529 0.0567708333
0 0.3175551471 0.9559895833 0.0652573529 0.0880208333
