0 0.4464419476 0.2397808681 0.2734082397 0.2768647282
0 0.3340823970 0.3767383059 0.0329588015 0.0594184576
0 0.6599250936 0.4193004635 0.1161048689 0.0619469027
0 0.3700374532 0.4892541087 0.0546816479 0.1736198904
0 0.7071161049 0.4673409187 0.0247191011 0.0235988201
0 0.7146067416 0.5040033713 0.0187265918 0.0261272651
0 0.7071161049 0.5457227139 0.0426966292 0.0341340076
0 0.3985018727 0.6089338390 0.0284644195 0.0442477876
0 0.7063670412 0.5844922040 0.0232209738 0.0290771176
0 0.7056179775 0.6190476190 0.0239700375 0.0316055626
0 0.5640449438 0.6371681416 0.2786516854 0.0332911926
